AM1 ANALYT MMOK GEO-OK PRECISE CHARGE=1
created by wmopcrt() for mopac

    C      1.9990  1       12.6490  1       18.2960  1   
    C      3.3410  1       12.1830  1       18.3100  1   
    C      4.1740  1       12.4270  1       17.2010  1   
    C      1.5020  1       13.3370  1       17.1720  1   
    C      2.3300  1       13.5920  1       16.0760  1   
    C      3.6340  1       13.1220  1       16.1430  1   
    N      4.5820  1       13.3060  1       15.1640  1   
    C      4.2480  1       14.0170  1       14.0120  1   
    C      3.0130  1       14.5400  1       13.8190  1   
    C      1.9300  1       14.3490  1       14.8630  1   
    O      0.7970  1       14.7970  1       14.7270  1   
    C      5.5200  1       12.1550  1       16.8330  1   
    C      5.7540  1       12.7010  1       15.5740  1   
    C      1.1410  1       12.4510  1       19.5240  1   
    N      0.9290  1       10.9890  1       19.8760  1   
    C      2.1810  1       10.3390  1       20.3930  1   
    H      0.2420  1       10.9790  1       20.6630  1   
    C      0.2660  1       10.1810  1       18.7510  1   
    C      1.1800  1        9.0470  1       18.2380  1   
    C      1.4220  1        9.1880  1       16.7530  1   
    N      0.9260  1        8.1760  1       15.9890  1   
    C      1.1260  1        8.2700  1       14.6520  1   
    C      1.7640  1        9.3360  1       14.0390  1   
    C      2.2400  1       10.3660  1       14.8420  1   
    C      2.0740  1       10.2960  1       16.2220  1   
    O      0.5770  1        7.7800  1       18.5220  1   
    H      0.3600  1        7.3630  1       17.6640  1   
    C      6.9920  1       12.6920  1       14.7430  1   
    O      7.2920  1       11.3210  1       14.4920  1   
    C      8.4790  1       11.1830  1       13.7110  1   
    C      9.5510  1       10.5010  1       14.5500  1   
    O      9.0320  1       10.2040  1       15.8390  1   
    H      8.0670  1       10.1200  1       15.7500  1   
    C      2.8000  1       15.3050  1       12.5510  1   
    O      3.2420  1       16.4410  1       12.4080  1   
    N      2.0850  1       14.6420  1       11.5860  1   
    H      1.7460  1       13.6990  1       11.7920  1   
    C      1.8000  1       15.2170  1       10.2890  1   
    C      2.9740  1       15.0660  1        9.3580  1   
    C      2.9960  1       15.7500  1        8.1320  1   
    C      4.0900  1       15.6300  1        7.2730  1   
    C      5.1700  1       14.8300  1        7.6400  1   
    C      5.1680  1       14.1520  1        8.8570  1   
   Cl      6.5220  1       14.6850  1        6.5830  1   
    C      4.0740  1       14.2720  1        9.7160  1   
    H      3.7030  1       11.6690  1       19.1280  1   
    H      0.5200  1       13.6550  1       17.1580  1   
    H      4.9650  1       14.1490  1       13.2820  1   
    H      6.2080  1       11.6390  1       17.4040  1   
    H      0.1930  1       12.9270  1       19.3800  1   
    H      1.6660  1       12.8950  1       20.3440  1   
    H      2.9210  1       10.3240  1       19.6200  1   
    H      1.9720  1        9.3430  1       20.7250  1   
    H      2.5520  1       10.9010  1       21.2240  1   
    H     -0.6610  1        9.7720  1       19.0960  1   
    H      0.0880  1       10.8490  1       17.9340  1   
    H      2.1240  1        9.1100  1       18.7380  1   
    H      0.7830  1        7.5020  1       14.0550  1   
    H      1.8830  1        9.3650  1       13.0140  1   
    H      2.7140  1       11.1780  1       14.4170  1   
    H      2.4260  1       11.0470  1       16.8360  1   
    H      6.8390  1       13.2220  1       13.8260  1   
    H      7.8000  1       13.1790  1       15.2470  1   
    H      8.8200  1       12.1420  1       13.3800  1   
    H      8.2700  1       10.5870  1       12.8470  1   
    H     10.4120  1       11.1310  1       14.6340  1   
    H      9.8430  1        9.5890  1       14.0720  1   
    H      0.9350  1       14.7510  1        9.8650  1   
    H      1.6120  1       16.2620  1       10.4210  1   
    H      2.1970  1       16.3460  1        7.8640  1   
    H      4.0990  1       16.1310  1        6.3710  1   
    H      5.9730  1       13.5630  1        9.1230  1   
    H      4.0740  1       13.7740  1       10.6200  1   

